124.81607161425191
126.51179188665004
115.0431569439556
140.74585733657042
132.31047212548694
123.54621668749778
75.50585800632867
119.13062715931335
142.97013374274442
122.85005586495946
49.564336643570456
147.69522567015548
136.31154810887375
82.25864216401207
103.58366628585196
119.37244711720533
91.36347349510686
59.988272945368735
97.73373884247238
57.31949325826138
97.06632159886644
103.17396636549677
61.12441968547859
52.39748358812906
95.80582009537764
107.49137593003036
88.03247214398282
55.6040977204152
74.8360779966952
87.75852597006264
81.75372431303887
58.67612074951316
95.81436332278105
114.83225692070842
126.33435294293486
100.8791053108453
63.93686529705494
113.06711661774504
104.46913466609102
59.21346956515609
180.79094776857698
64.76675594698321
82.36300601491993
54.86173220647451
82.84856029510324
92.64198239326329
75.5134499369518
67.32429579282353
142.08982407305487
78.19242777672912
107.62884038602309
129.0190744064267
46.57392687435892
133.406654249174
146.41236674114694
80.7403014305889
68.64275754275431
143.63890427753307
88.58633012700427
122.47829719092385
144.43641319553643
101.03738405234232
100.39992799859914
63.82618787378778
185.4304232356238
83.5219980261229
157.1152464576085
46.960026527231655
84.44729081962424
123.94690621298295
57.11629403022755
144.2614856991495
95.9327776462648
137.8275597332717
120.28594335368378
51.75330367372679
6.660754258304536
92.4145986253692
109.72409076723578
79.45642673192901
76.39141863900247
149.64218528502556
79.9121596983554
126.30266405950563
92.23872532247525
91.06777774880683
85.75615535937972
134.98122717039695
55.53801649173535
109.54977367018247
109.6973364823454
70.35414419723129
107.17791157430248
69.94908626709282
103.60296451317657
101.28305261980827
41.003096730073295
85.73019227736006
91.14457156748435
131.16248182913284
122.20998882763153
110.70410857140052
94.62051352882885
71.16968458916239
120.32848886669298
153.2323980700234
97.06147129875532
133.45921544701372
99.00021918696753
68.2399926440625
54.545772594777745
80.622350207495
160.9615971124819
122.06428225125129
58.36811174060425
202.77472447704707
104.66362826694642
107.12395860817257
103.77584060974401
80.03033506696187
147.11123316910619
113.26894624441083
76.25685722359398
166.4527906845808
144.6245185823406
50.61934729937071
71.91930163897908
79.76846409471912
149.60338698406358
168.4783365298005
127.391731478245
154.32887808103268
59.84259638015902
107.74933646244028
58.50611978376144
118.41853909982242
111.68399625039672
124.47263153946962
94.51718583400522
94.23324195047066
114.37312195764716
101.50683051897364
52.382753555012926
112.78852297089722
139.1255322332779
73.51719953379744
32.02725977170631
89.96825249210875
82.62170577182447
116.37805879608983
110.89538546942397
30.16895095894482
53.08802016197111
97.85718859057819
123.81805359856392
63.03739956570062
65.68841311552326
99.0769336105059
111.63330363980258
113.95181591742676
92.24835186928675
90.43922013829405
111.80677145263539
143.2860370058542
92.19693397995434
69.16700877144872
167.2004576904406
89.46511784412809
85.08314610005664
80.17056523687943
70.28846985629347
92.54971371880141
81.91071898997151
63.913725410711024
133.98418489966053
133.5367101470629
95.10685818006996
94.69104269993925
105.63802194712763
84.61613635853644
54.0104325461522
64.44666544474256
126.79780751340425
126.94658965657268
133.3060132666957
104.43926662434562
86.1859620540912
143.75708149915565
63.99735493712902
82.14682351546426
93.37066793113185
102.62807487646943
48.80974137041351
175.13198408590733
137.51021882661473
39.02812176318471
43.48580660761762
70.82669548507315
71.02746589969377
140.3825329596138
88.43187105471222
64.90977699040421
84.78984633923629
86.41553892147394
167.3420668303287
119.42267962526817
80.28616064552003
104.01169378574009
120.31216789998231
95.1439517592639
48.54716271360515
137.9250783393291
112.42437159282355
164.23099159114918
138.07109310915988
84.7636309099035
95.91410375760609
178.15913569157996
75.19602206137026
104.0240750769658
115.36406830494818
124.83093663670839
39.98135352086631
18.564803881620293
121.43828454924872
164.34120259346594
136.492851708501
74.56231227074885
116.36022936968467
105.02523965782832
134.2244464407379
80.99255832187106
98.90574745912761
105.15684440198783
101.525534933153
59.740741761133776
127.35746132453494
73.23449339076258
75.94202881404462
69.01548752125974
87.67379182258388
118.09847451752108
159.92295993048015
63.917048728947826
76.20864100169248
131.26804329307808
152.6708127723521
57.9072594811251
106.6004621606066
65.51511824972769
95.8930336405511
97.13615520736369
133.5611121315248
110.42464010800131
104.02494051078978
88.92485516377907
96.62320930833333
107.61199048717823
81.96600456515176
112.5268720528166
98.56278869677513
96.51113004837329
73.14220469827222
57.15857268545293
79.15642360403157
0.6112267485576695
65.46062440352159
39.00057822985763
74.88947963491005
145.58149563891038
137.86073640550384
91.74733345110954
127.40186274253924
81.09988263212293
51.87918736185707
119.76169457483596
111.78803598348155
112.65882146953572
74.66101049547207
141.45203202841088
127.0135424195611
92.83054177409879
123.23663762233318
116.11971260881779
124.85172445732567
55.98644239061218
44.53291251396687
120.06697496888492
51.72721492982383
128.98449303314948
88.78104775307888
111.11381539798194
101.3061846593119
88.60481590353795
102.6121001674772
105.56336652389508
85.50992190593541
89.87702662823293
72.82916674147418
98.97979734232895
22.61274434105735
61.77302639576627
123.1925643745528
11.788798634823024
57.87278662940537
67.32164003331195
74.59482262890775
119.13527429582274
141.40329124973985
32.61875418022116
122.16040348430994
87.71768203062067
113.34075465821437
108.02150854270644
70.23582100003513
82.51547536776184
98.01837379475704
64.28130356214572
80.38945809952884
101.92097506237543
39.7601971568818
98.20115551063962
116.90666466061548
70.89598226458526
126.70842480021116
89.58386849561174
82.75997989433047
54.39968396972193
97.16184147071903
134.62061459499617
109.40980295237199
144.2112410473457
30.723043021420793
89.13607620230887
109.0736580673382
110.29554600625288
113.24940631796322
103.21513104808818
58.586926470861236
137.30537745568333
90.1944649867451
83.31935348662886
138.20946863341965
157.8562272598679
119.0776002598665
99.35270958308806
46.64196959654618
144.80998774607335
105.2520768979449
80.96272653320626
123.81521522082491
83.7875579635151
98.2408675279149
56.168443565115005
44.61930974249321
126.97873146407355
136.38320927228574
51.12917527784158
80.27435576728952
74.64456792449312
78.87845721091645
121.99647733173516
72.97732708185535
69.74902606676844
83.63516281366314
123.08999210297273
57.67387682672331
58.24735637088159
107.24013168846473
126.55191329244138
103.86700009607218
106.23692493301307
67.4543643740908
80.89040294452306
48.6942911830913
115.6764429300068
96.72886877963937
98.5638934182051
106.29150341364873
114.42046554603354
74.4686330040562
78.99929615944257
94.67041633199999
111.56384140013907
67.7078722217561
120.0924282198787
81.41638097245809
156.08961631110964
78.49899592314448
89.79557537276105
129.28442471187867
97.08175571044325
77.36494063417877
169.3618973101734
97.17886196762244
67.27788169401438
113.79896709548262
89.30076256514084
75.49498571635493
93.72688706620761
93.37045510738018
136.8418899243536
148.51025179585275
112.17383992780523
51.48923114900032
118.58134886980838
97.7564791309367
96.70746395902336
106.63547821545168
76.53099842751462
102.08471738635528
83.691432408737
108.37199246486568
64.97434344231044
146.14701140501634
93.44597811090638
37.62534396280896
118.9685721969539
93.827214403144
66.02533999970805
69.44246565685731
61.28855262219663
138.16737808551323
80.20313924665425
93.18368437001324
98.80797713858604
94.10410493142352
124.42998371855957
50.86776509988039
98.2908276582202
100.3682191081995
129.88159339705228
91.14892136588863
87.94041016655534
141.81913435174198
105.05158470296006
135.3782771953562
107.9333339833332
125.03695909721084
95.59603570265058
108.99171685506262
46.37288743176477
139.6737717162127
132.17996857211494
50.719969577594995
103.09767754832428
83.78141182036849
53.42557504158202
143.15195029019554
109.38574489157187
130.0522621795435
64.72107081526481
129.70829475576528
90.64645180219902
120.66735768700406
85.46161063715138
147.95708665988963
100.70694660170408
114.93332793401349
177.86252251876817
144.3181351433208
30.554365269277284
100.74986515124232
91.42559411903608
66.56189485296775
61.922777694303896
95.70024142406741
68.14588971869708
26.040069630992576
169.73951455915497
157.7563890275621
134.78494817830693
69.3708769221681
117.89903890475395
71.72026376388332
105.93781456094398
110.16225062480582
106.03828535268043
100.47645171951268
94.47603328594921
72.64162337558392
56.302198023881864
109.05447682488597
120.13060260549315
115.10351470491975
87.60693252292012
76.55726819861373
72.22025184864036
127.67645141845333
99.07892965777297
166.36646975267553
93.13819811545329
69.83607202344031
94.39563805827206
154.59767894406318
69.99782986670324
76.51459752587004
75.2005298066051
162.1852175537897
119.61242553942023
174.79092730392094
87.69472456431056
84.75268357679924
90.56031489439994
105.29491411176181
108.21835918947072
111.28526722640093
140.57562159126803
110.96569561443883
76.78147677428647
38.68865639006509
57.14740719039276
145.92812399151444
148.37455368302372
113.09275058056917
143.86427008922183
106.90874101731256
127.04331327028373
132.95497210292518
72.594841890361
55.57311498350247
160.5292690199332
77.7849971090358
92.43439743873415
118.58247037147231
55.064115592278874
152.72605762028692
65.322158011412
150.2227371553601
64.01495074778347
83.522025029125
96.12463578559765
32.69267431573073
85.82256777786645
90.56966795462644
90.56306542097394
73.23078899672137
86.54495661064676
82.05075306252904
140.3971724065035
62.39312588073843
124.67659589345106
79.3379981944458
99.21989656975538
107.49352154785396
107.80827948713876
59.7954390576639
59.48694793776373
20.852547895087937
77.02363183872882
28.05237116459564
78.19851290489979
108.32497022200613
73.9508862349823
89.16663523356479
112.62678240490256
120.61686847269065
90.03981232493378
120.19842538720499
110.24754027303982
69.38836076937437
61.46559423534667
105.84685584663544
156.65598376714155
101.32329169002706
115.91117740644836
121.56282154369431
150.05954936379607
82.87812319051793
81.6765466373551
112.4208969231313
134.523228800856
111.2672403634415
44.67926364814663
102.7337935336177
104.00954255517914
41.94424300375987
118.81020823080719
132.15650567191284
86.96942297626428
93.85538583823819
77.71562671242056
57.37977751459421
112.1728448373069
68.44978612712232
119.00267036128118
109.16775724923247
80.44963235622552
34.09629672913256
34.49540284073761
135.83791440165658
130.26454506547788
81.22138914902155
92.76829040675517
109.22016977021165
97.52674452695159
118.77006603046709
154.98784672838798
70.37657398818541
95.19421251305529
98.42731769384635
93.77015875403974
58.49647119165004
85.58851240927484
80.81936990688062
98.81843741289777
26.766044135789826
60.5895225388992
154.92157086235846
145.43715825286714
100.72314072502124
69.15781450911493
99.07342171775782
92.21902545199077
94.28575044678448
87.87183992260098
91.27229978118615
91.44715946217056
48.70905322849684
85.76687003239917
53.232584184864564
76.75844128846985
59.96334109492495
96.50935174995836
116.66192592031648
95.19748152450889
135.97404875914424
112.8591678219538
56.08246470219616
142.22061349649547
51.336397559277174
56.22581362241641
80.63393130858724
88.37718009706111
116.26276452604449
112.46662440771931
71.57924449693394
60.446581110890946
75.12766038854967
79.01942150392335
55.26221565235452
89.50326450148252
65.55742160013989
115.1293328617136
114.75639832731463
62.00084376390815
156.63573624588344
164.0555548715769
141.9995140233363
114.18816820763254
142.88816966249667
87.97900345836317
102.07156993988247
24.926436769458235
87.56759164513728
105.12310599146159
127.78740379864377
77.75767585316243
126.0167168381706
97.4677320669941
137.6268025298919
70.65598074716024
136.284514961325
118.9114676216975
87.97888898677978
99.2957092083531
17.8237550597038
130.16081777613908
116.74956181800047
85.4153697025535
133.97003132438687
159.84614252828493
1.7254286913393884
75.628408959646
91.58460847700717
82.96770477239616
92.49153358414482
147.27351123568775
77.5066163273551
105.52799847014848
121.54407362313299
57.229875335341276
115.68045110363045
79.79078112103822
128.42054709951847
110.76431405387164
99.587053369396
97.4489156604061
86.14992715822643
71.33578662337229
121.57755993857285
146.12114667068948
61.1433527478959
94.19748235959824
68.59471883685276
77.90597982082349
97.88368800396456
136.75755120204673
92.16045801686543
108.36443988567505
93.05668274804806
97.62994845593066
115.5080406714448
164.3759617541954
129.96392660524978
102.92649320766765
101.60431146889324
134.0826574988822
147.14132094558417
94.78952460027907
81.57828467664997
155.89879616407507
80.9980039084296
85.26007104228057
89.45631207702121
71.82023194127028
102.25052359201315
110.64310807948824
85.7094844576803
93.98504273815682
70.44186304333707
84.11029498948619
56.094834580371796
80.76189484083051
37.677006534259206
21.8919304447937
113.48906513747518
98.70806418044272
103.76622936899717
7.0286792492939725
83.13283431000735
118.59721132723261
120.932408476254
87.25207222504345
101.63123323030601
136.7532639788726
91.58358676893076
21.376266106393032
85.60821259425023
128.7977224095029
143.5398430298617
58.23859532882031
109.81523889216894
122.37118523677441
108.73743033077955
101.71664586755747
120.5067581884008
134.2745619342779
101.07377595480463
122.70176493689982
88.76902642679929
127.61524570953287
125.180798677911
113.63502533306553
113.44459063374904
69.30756480053934
94.35155444267974
114.32076565757541
111.00507838454536
148.0045597629471
34.85381452883195
153.6848458288523
58.927496776058994
75.3629761956409
43.69901324511021
93.98651826032089
132.64883514558403
66.93326616675085
82.49692813937227
117.78964679895155
85.23483026566774
119.72764552622473
85.61783871256901
107.75475392981535
102.98958284024128
92.80580108950106
133.73477037609032
143.4334990523411
103.1797001124356
91.19031124047125
103.75978143987702
125.97711762962464
51.770385048227865
108.61273671232037
100.96774707492285
103.0258845592496
113.44187595741705
47.03471116346452
115.31346813736803
139.15766798752279
30.94274837896299
156.6965107322049
139.47028573471252
65.57570365352794
45.66674738227409
59.152013160311604
29.997974291816888
108.27913225283847
87.09856711288685
172.58053593151567
113.36436202303695
118.31158936373058
80.81990161162791
81.9408644866252
154.00032934875074
98.9201367615415
111.58931125801423
120.42750219841976
124.07967273944661
155.30052396721874
70.71198031607378
85.05198009603407
124.91510774158415
39.414308363746585
105.23509989863267
84.4024979302516
119.3345995254231
91.38574716036685
114.33125087873972
117.58647043376442
83.21876820082093
109.19212832859984
80.26919001164211
37.50574867152117
140.0205135731803
97.72200955741489
37.36933116683723
60.588423902954105
64.13450961360536
89.635419639026
94.17566597711888
147.26612898531337
90.91240543376342
147.29813309086774
118.9096565100956
106.85796197170494
140.45677809315396
159.47566101319745
109.86642287954163
154.78633924698576
74.01674459046416
92.18776869256985
86.25320848277424
66.50043426788764
68.9446810251655
122.66656198592773
81.09122091975259
136.7971548698343
85.7922792535637
75.27464207361267
71.83158505668185
39.37711099997169
56.36561558231505
126.72256043106374
105.72345666268711
81.26275596049716
94.43050260530119
76.52310847104768
106.52650490958379
106.92659677690135
117.61503359755181
84.16193010348383
107.25959468870327
112.73437887492544
28.90783749838907
83.0324566058379
84.90411616495209
63.19147857112725
122.53864100515608
137.27209061987003
97.86182762615975
116.26598740583111
103.22561705682048
157.98324878282463
137.83921929876556
83.18020758147685
106.38843873615033
102.97590647163389
122.35897568774517
85.3597439137313
108.80588559329618
71.03884421612521
103.00736432096683
155.4115660128369
39.96169525327316
81.27632597941293
132.42046094955526
103.50114015025947
81.72065482953495
66.3664200727789
136.14883295600572
99.71514046733452
96.81698934005918
115.92497233931017
102.13307449680411
106.99807591880696
114.4029683304015
85.28434198046226
135.29085006139871
167.12878544755205
94.29428794796418
88.39858790079073
78.82416329999846
87.35164423850061
98.85382173004318
49.54548114849717
88.70717777951995
116.28988738088785
72.49419798623853
110.57967546590532
89.5666549079733
102.4361138430482
30.48249026008861
95.73861522564243
70.0585571315757
95.62475815690851
157.4368382848395
85.18705158089683
164.4895598950926
117.44980007028069
96.58313353238586
115.28784832429731
50.214912782779386
111.18989148074732
81.92560991369803
100.77005905762329
9.275343059780127
92.01685320229224
129.74645600927886
147.00749992667363
105.34611820292601
153.22062392872172
99.13772003303436
65.28046079584612
117.07052305363815
111.7722891897796
119.37069833447634
66.7434234150542
154.96980495940795
87.21801414427492
145.70362802707052
102.37996998164839
147.95890728385166
34.77117597984147
190.33067618960837
84.7339231189072
68.94446980900436
119.08407600690367
97.47029575538244
128.18610392561496
113.25543909118079
35.251392594622345
74.91164327296164
44.1964211246252
129.8222356319389
60.351126709177194
54.60670859212304
105.95532277385647
76.92407423499367
135.86251642476748
103.34764879731443
139.06637434832882
133.44283707706938
117.26790088465131
122.0026113159231
131.45054942155735
96.66123592780829
85.77462579261665
103.76052819653616
95.9710765146912
132.11752185860715
75.15756161670512
125.73480910419866
115.31050346408489
102.89996114959533
88.66142631446976
117.65300705334505
44.77751866425735
146.34003533619338
49.563744079155875
97.19807543223311
122.56957337371142
139.44117515716042
109.96717277433572
88.38923850400323
127.287825541438
134.30907936471831
110.88806557452368
101.51190537801173
144.13492413998898
125.83283337417434
149.94313953872546
132.51954311038236
27.55578155224778
106.67925692912964
124.4329232499417
178.66807775883638
119.8399980529246
113.43229692611297
135.97439012907793